J	?th	eig	newsr	ewsr
0.0	1	-41.397	32.176	80.900
0.0	2	-34.464	20.885	69.345
0.0	3	-29.065	16.713	50.208
0.0	4	-26.458	22.122	26.979
0.0	5	-26.330	20.588	42.572
0.0	6	-24.538	9.516	27.242
0.0	7	-24.013	10.778	26.583
0.0	8	-23.934	16.042	38.559
0.0	9	-22.926	20.422	34.533
0.0	10	-21.857	11.818	20.554
0.0	11	-21.563	18.111	32.727
0.0	12	-19.784	14.421	15.441
0.0	13	-19.761	10.495	14.811
0.0	14	-18.597	15.344	11.617
0.0	15	-18.396	12.444	20.902
0.0	16	-17.468	9.926	17.769
0.0	17	-16.900	15.617	6.634
0.0	18	-16.213	10.978	11.025
0.0	19	-15.770	11.989	9.978
0.0	20	-14.548	13.022	4.347
0.0	21	-14.483	12.704	16.374
0.0	22	-14.102	11.481	3.581
0.0	23	-13.624	15.515	-13.465
0.0	24	-13.235	11.269	5.093
0.0	25	-12.338	12.187	-0.374
0.0	26	-11.771	13.615	-6.233
0.0	27	-11.165	14.056	-6.375
0.0	28	-11.155	13.547	-3.097
0.0	29	-10.330	12.949	-3.600
0.0	30	-10.254	9.236	-3.541
0.0	31	-9.520	15.108	-0.274
0.0	32	-9.442	13.463	-12.575
0.0	33	-9.044	12.345	-4.245
0.0	34	-8.341	10.749	1.836
0.0	35	-6.862	8.896	-16.732
0.0	36	-6.778	12.021	-12.840
0.0	37	-4.969	12.597	-15.162
0.0	38	-4.868	13.617	-23.252
0.0	39	-4.253	10.126	-20.363
0.0	40	-4.161	7.772	-18.056
0.0	41	-4.075	10.357	-15.827
0.0	42	-2.066	6.390	-22.729
0.0	43	-1.634	7.522	-25.869
0.0	44	-0.643	11.491	-15.742
0.0	45	2.222	8.090	-28.168
0.0	46	7.667	6.865	-41.684
1.0	1	-29.830	22.270	42.380
1.0	2	-28.360	21.903	43.974
1.0	3	-27.442	20.609	39.325
1.0	4	-26.303	16.447	37.460
1.0	5	-26.228	17.168	42.896
1.0	6	-26.015	20.569	38.019
1.0	7	-25.497	17.031	35.633
1.0	8	-25.237	22.213	26.080
1.0	9	-24.886	13.544	31.086
1.0	10	-23.575	20.340	21.656
1.0	11	-23.525	16.996	25.291
1.0	12	-23.356	14.844	35.736
1.0	13	-23.006	15.303	28.965
1.0	14	-22.572	12.622	21.372
1.0	15	-21.844	15.506	21.420
1.0	16	-20.974	10.877	22.220
1.0	17	-20.959	12.834	14.938
1.0	18	-20.552	15.775	24.222
1.0	19	-20.183	14.130	20.281
1.0	20	-19.657	11.407	27.087
1.0	21	-19.401	12.926	16.468
1.0	22	-19.098	12.952	14.202
1.0	23	-18.657	10.922	16.532
1.0	24	-18.645	12.279	11.176
1.0	25	-18.485	12.724	16.301
1.0	26	-18.133	12.753	8.721
1.0	27	-17.890	11.947	13.530
1.0	28	-17.550	12.625	14.889
1.0	29	-17.030	13.505	12.439
1.0	30	-16.866	11.686	15.162
1.0	31	-16.525	12.551	12.609
1.0	32	-16.183	12.976	1.594
1.0	33	-16.119	12.826	6.096
1.0	34	-15.905	9.537	7.259
1.0	35	-15.541	12.588	4.556
1.0	36	-15.394	11.145	8.039
1.0	37	-15.304	12.629	5.576
1.0	38	-15.202	10.745	6.770
1.0	39	-14.894	12.120	6.962
1.0	40	-14.622	12.033	1.591
1.0	41	-14.182	9.562	7.300
1.0	42	-13.939	12.356	7.240
1.0	43	-13.930	11.636	1.479
1.0	44	-13.664	15.228	1.795
1.0	45	-13.558	12.564	5.692
1.0	46	-13.343	11.691	7.377
1.0	47	-13.145	14.315	1.221
1.0	48	-12.961	12.307	3.006
1.0	49	-12.371	12.706	3.930
1.0	50	-12.361	13.880	-5.221
1.0	51	-12.339	12.395	-0.765
1.0	52	-12.047	11.253	3.151
1.0	53	-11.951	11.451	0.929
1.0	54	-11.665	11.855	-2.575
1.0	55	-11.539	13.433	-3.166
1.0	56	-11.381	8.805	-0.149
1.0	57	-11.059	11.222	-1.148
1.0	58	-10.693	11.290	-6.416
1.0	59	-10.595	10.212	-7.534
1.0	60	-10.516	13.420	-7.093
1.0	61	-10.060	10.677	-6.706
1.0	62	-9.931	11.172	-3.566
1.0	63	-9.495	11.617	-7.211
1.0	64	-9.428	13.225	-11.488
1.0	65	-9.154	8.771	-9.646
1.0	66	-8.901	12.536	-11.013
1.0	67	-8.625	10.446	-5.539
1.0	68	-8.472	11.054	-8.027
1.0	69	-8.231	10.447	-6.515
1.0	70	-8.145	12.076	-5.638
1.0	71	-7.977	10.206	-13.822
1.0	72	-7.486	8.491	-9.884
1.0	73	-7.461	9.386	-10.460
1.0	74	-7.030	12.538	-10.896
1.0	75	-6.872	10.369	-12.458
1.0	76	-6.742	9.971	-14.914
1.0	77	-6.462	10.305	-9.906
1.0	78	-5.926	9.460	-10.183
1.0	79	-5.679	11.123	-14.861
1.0	80	-5.656	8.375	-13.033
1.0	81	-5.424	11.547	-18.490
1.0	82	-5.001	10.886	-15.354
1.0	83	-4.453	10.267	-15.506
1.0	84	-3.544	11.626	-21.276
1.0	85	-3.309	10.309	-19.297
1.0	86	-2.946	7.380	-21.782
1.0	87	-2.942	8.829	-23.788
1.0	88	-2.476	9.872	-19.292
1.0	89	-2.442	9.788	-23.164
1.0	90	-1.256	9.266	-23.888
1.0	91	-1.050	8.168	-24.354
1.0	92	0.254	8.355	-29.740
1.0	93	1.865	8.892	-23.109
1.0	94	2.208	8.499	-27.204
1.0	95	4.112	6.836	-38.012
1.0	96	4.243	6.675	-36.607
1.0	97	5.804	6.736	-34.903
2.0	1	-39.586	31.559	61.556
2.0	2	-33.569	17.737	58.092
2.0	3	-31.064	22.536	47.183
2.0	4	-30.539	19.773	41.005
2.0	5	-30.255	19.344	41.618
2.0	6	-28.690	21.676	37.670
2.0	7	-27.647	15.736	34.296
2.0	8	-27.513	16.456	36.080
2.0	9	-27.084	18.436	31.267
2.0	10	-27.033	18.636	42.003
2.0	11	-25.749	16.388	34.825
2.0	12	-25.734	8.800	26.477
2.0	13	-25.337	14.472	27.849
2.0	14	-25.047	18.212	30.788
2.0	15	-24.776	18.882	27.941
2.0	16	-24.158	15.588	32.910
2.0	17	-24.059	14.619	30.771
2.0	18	-24.037	21.115	24.117
2.0	19	-23.545	17.968	27.297
2.0	20	-23.380	16.239	29.798
2.0	21	-22.810	14.389	22.096
2.0	22	-22.547	14.137	21.325
2.0	23	-22.123	14.295	23.267
2.0	24	-22.104	15.612	21.672
2.0	25	-21.412	12.319	21.677
2.0	26	-21.323	12.362	22.990
2.0	27	-21.033	14.302	22.493
2.0	28	-20.950	11.640	20.669
2.0	29	-20.741	14.944	17.745
2.0	30	-20.528	12.003	17.337
2.0	31	-20.209	12.543	22.074
2.0	32	-20.149	13.398	17.167
2.0	33	-19.764	12.269	17.585
2.0	34	-19.639	13.149	13.402
2.0	35	-19.471	13.593	19.468
2.0	36	-19.332	12.062	13.854
2.0	37	-18.973	13.641	12.426
2.0	38	-18.891	13.015	7.042
2.0	39	-18.616	13.344	15.883
2.0	40	-18.378	13.005	6.639
2.0	41	-18.172	12.572	10.634
2.0	42	-17.977	12.924	7.297
2.0	43	-17.949	11.747	18.180
2.0	44	-17.714	11.324	6.571
2.0	45	-17.664	12.262	10.276
2.0	46	-17.593	11.408	8.581
2.0	47	-17.363	13.128	8.008
2.0	48	-17.180	12.993	8.792
2.0	49	-16.906	11.269	6.839
2.0	50	-16.794	13.146	11.718
2.0	51	-16.704	13.876	9.608
2.0	52	-16.459	13.184	10.193
2.0	53	-16.388	13.779	2.398
2.0	54	-16.233	11.895	8.853
2.0	55	-16.043	11.920	6.842
2.0	56	-15.809	13.094	5.640
2.0	57	-15.758	11.501	6.861
2.0	58	-15.726	11.768	8.889
2.0	59	-15.548	12.692	10.194
2.0	60	-15.540	11.656	5.540
2.0	61	-15.452	11.404	8.656
2.0	62	-15.205	11.102	6.111
2.0	63	-15.133	11.980	5.968
2.0	64	-14.907	10.277	3.813
2.0	65	-14.723	12.357	9.442
2.0	66	-14.366	10.923	3.707
2.0	67	-14.343	12.186	0.811
2.0	68	-13.944	13.189	3.055
2.0	69	-13.933	12.465	5.976
2.0	70	-13.855	10.775	2.416
2.0	71	-13.666	10.444	0.145
2.0	72	-13.654	12.878	1.976
2.0	73	-13.236	12.661	-2.368
2.0	74	-13.114	10.806	2.761
2.0	75	-12.884	11.994	-0.480
2.0	76	-12.711	10.974	1.011
2.0	77	-12.710	11.966	-2.454
2.0	78	-12.623	13.373	0.806
2.0	79	-12.552	10.117	-1.828
2.0	80	-12.357	10.652	-3.709
2.0	81	-12.125	12.747	0.926
2.0	82	-12.051	12.548	1.679
2.0	83	-11.547	11.126	-1.225
2.0	84	-11.427	9.410	-2.775
2.0	85	-11.410	10.314	-7.598
2.0	86	-11.261	11.493	-4.063
2.0	87	-11.199	11.474	-9.001
2.0	88	-10.952	11.052	-5.358
2.0	89	-10.930	10.579	-2.125
2.0	90	-10.711	11.377	-6.286
2.0	91	-10.260	12.259	-11.555
2.0	92	-10.112	11.370	-3.826
2.0	93	-9.951	11.361	-7.540
2.0	94	-9.908	11.256	-6.130
2.0	95	-9.884	10.826	-7.103
2.0	96	-9.842	12.333	-10.568
2.0	97	-9.603	11.189	-13.339
2.0	98	-9.289	10.133	-9.864
2.0	99	-8.937	11.631	-8.192
2.0	100	-8.636	10.517	-12.946
2.0	101	-8.594	10.791	-8.677
2.0	102	-8.542	13.324	-11.864
2.0	103	-8.491	10.501	-10.869
2.0	104	-8.303	11.046	-8.035
2.0	105	-8.301	13.081	-9.217
2.0	106	-8.229	10.225	-11.583
2.0	107	-7.921	9.199	-7.044
2.0	108	-7.794	10.700	-12.100
2.0	109	-7.517	11.754	-17.193
2.0	110	-7.399	8.961	-12.060
2.0	111	-7.393	11.568	-13.681
2.0	112	-7.034	11.524	-10.479
2.0	113	-7.010	10.786	-14.429
2.0	114	-6.440	10.409	-17.158
2.0	115	-6.422	10.001	-17.428
2.0	116	-6.368	10.402	-15.873
2.0	117	-6.264	9.485	-10.514
2.0	118	-5.964	10.074	-17.625
2.0	119	-5.935	8.406	-11.945
2.0	120	-5.478	9.451	-16.396
2.0	121	-5.106	9.926	-15.640
2.0	122	-5.104	10.972	-20.222
2.0	123	-5.053	10.924	-17.122
2.0	124	-4.382	9.737	-16.797
2.0	125	-4.201	9.475	-16.014
2.0	126	-4.097	9.618	-17.737
2.0	127	-3.540	10.604	-24.381
2.0	128	-3.462	11.340	-23.641
2.0	129	-3.003	9.533	-25.121
2.0	130	-2.890	8.688	-18.285
2.0	131	-2.714	9.145	-25.404
2.0	132	-2.210	7.537	-25.939
2.0	133	-1.829	8.567	-23.858
2.0	134	-1.472	8.877	-28.438
2.0	135	-0.269	7.799	-28.151
2.0	136	0.100	9.433	-24.538
2.0	137	0.592	8.541	-26.398
2.0	138	0.778	9.241	-26.639
2.0	139	1.865	7.562	-32.511
2.0	140	3.073	6.626	-29.247
2.0	141	3.547	7.644	-36.729
2.0	142	4.269	8.030	-33.645
2.0	143	4.940	6.929	-32.657
3.0	1	-30.510	21.260	38.971
3.0	2	-30.440	22.373	39.376
3.0	3	-29.364	17.137	25.539
3.0	4	-28.583	16.516	38.894
3.0	5	-28.128	17.637	40.411
3.0	6	-27.773	17.636	40.075
3.0	7	-27.391	17.061	33.975
3.0	8	-27.028	16.215	39.421
3.0	9	-25.288	14.305	34.373
3.0	10	-25.097	18.016	28.277
3.0	11	-24.255	15.858	28.167
3.0	12	-23.995	14.926	21.839
3.0	13	-23.821	15.383	27.599
3.0	14	-23.458	14.821	21.831
3.0	15	-23.399	12.450	23.598
3.0	16	-23.044	14.729	20.066
3.0	17	-22.932	13.834	20.720
3.0	18	-22.697	12.858	17.668
3.0	19	-22.595	12.973	19.649
3.0	20	-22.337	13.098	18.846
3.0	21	-21.906	13.715	22.036
3.0	22	-21.812	17.388	19.881
3.0	23	-21.687	12.332	18.989
3.0	24	-21.382	11.132	22.566
3.0	25	-21.162	13.362	12.201
3.0	26	-20.726	13.064	11.780
3.0	27	-20.389	14.057	11.646
3.0	28	-20.303	13.510	9.592
3.0	29	-20.259	12.980	18.947
3.0	30	-20.045	12.732	12.805
3.0	31	-19.719	11.807	15.361
3.0	32	-19.482	12.405	13.454
3.0	33	-19.340	12.436	14.516
3.0	34	-19.019	11.309	9.159
3.0	35	-18.854	11.429	7.500
3.0	36	-18.578	12.182	13.301
3.0	37	-18.487	10.788	7.950
3.0	38	-18.415	12.187	12.277
3.0	39	-18.294	10.514	9.836
3.0	40	-18.066	12.551	3.871
3.0	41	-17.889	11.946	11.388
3.0	42	-17.616	11.261	8.665
3.0	43	-17.356	11.899	8.378
3.0	44	-17.273	11.658	9.051
3.0	45	-17.211	11.850	4.258
3.0	46	-16.903	13.414	1.396
3.0	47	-16.633	12.296	4.334
3.0	48	-16.489	12.262	6.900
3.0	49	-16.277	11.739	9.138
3.0	50	-16.038	10.795	8.356
3.0	51	-15.929	11.425	9.230
3.0	52	-15.826	11.856	3.847
3.0	53	-15.506	12.041	1.211
3.0	54	-15.400	12.849	-2.336
3.0	55	-15.184	10.831	3.428
3.0	56	-15.044	13.891	3.074
3.0	57	-14.865	10.247	1.854
3.0	58	-14.858	11.301	5.206
3.0	59	-14.614	12.202	-3.699
3.0	60	-14.484	11.247	0.400
3.0	61	-14.243	10.489	-0.990
3.0	62	-14.222	12.690	-0.902
3.0	63	-13.944	10.685	-0.232
3.0	64	-13.787	10.914	-1.531
3.0	65	-13.748	12.942	-2.861
3.0	66	-13.424	10.331	2.152
3.0	67	-13.380	12.501	1.878
3.0	68	-13.351	11.899	0.295
3.0	69	-13.030	11.510	-0.292
3.0	70	-12.780	12.438	-3.511
3.0	71	-12.679	10.801	-5.193
3.0	72	-12.321	11.893	-2.705
3.0	73	-12.258	10.978	-1.350
3.0	74	-11.990	10.152	-3.302
3.0	75	-11.894	11.101	-3.020
3.0	76	-11.797	12.439	-7.393
3.0	77	-11.699	10.397	-2.332
3.0	78	-11.503	10.402	-9.743
3.0	79	-11.349	11.974	-8.840
3.0	80	-11.284	8.846	-3.899
3.0	81	-11.009	9.853	-9.043
3.0	82	-10.952	10.946	-10.389
3.0	83	-10.784	10.426	-4.066
3.0	84	-10.604	11.248	-8.188
3.0	85	-10.453	9.977	-6.255
3.0	86	-10.332	9.977	-6.505
3.0	87	-10.147	10.397	-9.701
3.0	88	-10.017	10.309	-10.271
3.0	89	-9.623	9.908	-11.561
3.0	90	-9.560	9.121	-11.694
3.0	91	-9.525	10.064	-3.334
3.0	92	-9.332	10.165	-8.182
3.0	93	-9.267	9.958	-6.896
3.0	94	-9.009	9.913	-10.510
3.0	95	-8.833	11.221	-10.348
3.0	96	-8.637	9.686	-12.181
3.0	97	-8.335	9.764	-10.648
3.0	98	-8.062	11.624	-14.060
3.0	99	-8.025	10.139	-12.445
3.0	100	-7.807	8.965	-11.654
3.0	101	-7.793	9.257	-12.462
3.0	102	-7.278	9.649	-12.727
3.0	103	-7.009	9.330	-14.818
3.0	104	-6.907	11.054	-15.427
3.0	105	-6.831	9.829	-14.888
3.0	106	-6.503	10.037	-15.083
3.0	107	-6.259	9.211	-14.482
3.0	108	-6.171	9.410	-12.144
3.0	109	-5.948	8.569	-15.730
3.0	110	-5.895	10.430	-18.896
3.0	111	-5.433	9.652	-16.786
3.0	112	-4.982	9.282	-16.959
3.0	113	-4.661	8.978	-21.251
3.0	114	-4.503	9.444	-23.971
3.0	115	-4.211	9.547	-25.519
3.0	116	-4.041	9.492	-20.186
3.0	117	-3.225	7.620	-23.419
3.0	118	-3.214	8.832	-23.783
3.0	119	-2.945	8.898	-22.937
3.0	120	-2.791	9.588	-23.883
3.0	121	-2.466	9.097	-22.140
3.0	122	-2.176	7.821	-24.031
3.0	123	-1.799	8.469	-27.857
3.0	124	-0.226	6.677	-30.178
3.0	125	0.200	7.330	-29.490
3.0	126	1.377	8.287	-32.991
3.0	127	1.627	7.058	-30.435
3.0	128	1.849	6.794	-25.570
3.0	129	3.720	7.207	-35.237
4.0	1	-37.086	25.920	50.723
4.0	2	-31.088	16.572	34.050
4.0	3	-30.294	18.318	35.736
4.0	4	-30.172	18.561	43.450
4.0	5	-29.243	14.250	27.320
4.0	6	-27.030	14.394	22.999
4.0	7	-27.013	14.369	28.841
4.0	8	-26.795	14.211	21.117
4.0	9	-25.671	16.697	22.846
4.0	10	-25.086	15.483	17.281
4.0	11	-24.762	13.852	27.503
4.0	12	-24.605	18.204	18.926
4.0	13	-24.257	12.992	19.826
4.0	14	-23.872	17.573	18.508
4.0	15	-23.650	11.913	19.506
4.0	16	-23.272	13.262	17.691
4.0	17	-22.700	10.628	22.352
4.0	18	-22.676	12.086	12.397
4.0	19	-22.121	12.588	11.706
4.0	20	-21.675	12.552	14.408
4.0	21	-21.653	11.917	15.246
4.0	22	-21.097	13.426	11.826
4.0	23	-21.086	12.673	15.518
4.0	24	-20.795	13.602	7.676
4.0	25	-20.700	12.833	5.252
4.0	26	-20.442	12.590	11.255
4.0	27	-20.174	9.708	12.933
4.0	28	-19.686	10.874	8.249
4.0	29	-19.499	11.884	6.490
4.0	30	-19.268	10.894	15.156
4.0	31	-18.868	13.365	3.874
4.0	32	-18.847	13.569	7.591
4.0	33	-18.730	13.261	1.638
4.0	34	-18.551	14.310	12.051
4.0	35	-18.492	11.908	1.078
4.0	36	-17.989	11.630	7.183
4.0	37	-17.940	10.814	1.209
4.0	38	-17.765	11.212	5.056
4.0	39	-17.308	12.626	1.612
4.0	40	-17.154	10.735	3.846
4.0	41	-16.936	9.288	6.929
4.0	42	-16.532	12.030	7.709
4.0	43	-16.476	11.403	1.753
4.0	44	-16.454	11.492	1.883
4.0	45	-16.338	11.737	4.129
4.0	46	-16.225	10.291	3.640
4.0	47	-16.164	12.467	0.373
4.0	48	-16.109	10.000	1.828
4.0	49	-15.811	12.013	-0.814
4.0	50	-15.739	12.125	1.355
4.0	51	-15.658	10.309	0.637
4.0	52	-15.338	9.539	2.636
4.0	53	-15.222	11.852	3.985
4.0	54	-14.940	11.053	0.686
4.0	55	-14.895	11.426	-0.941
4.0	56	-14.846	12.505	4.614
4.0	57	-14.593	11.166	-3.248
4.0	58	-14.557	10.518	3.320
4.0	59	-14.072	9.355	-4.505
4.0	60	-13.830	10.676	0.320
4.0	61	-13.581	9.625	-2.059
4.0	62	-13.525	12.450	-9.682
4.0	63	-13.071	10.182	-4.702
4.0	64	-13.040	10.012	0.790
4.0	65	-12.658	9.588	-0.603
4.0	66	-12.224	10.702	-7.080
4.0	67	-12.204	9.270	-4.848
4.0	68	-11.819	11.125	-7.844
4.0	69	-11.790	8.543	-3.119
4.0	70	-11.723	12.678	-5.862
4.0	71	-11.440	10.010	-7.152
4.0	72	-11.350	10.338	-9.576
4.0	73	-11.175	9.880	-8.764
4.0	74	-11.007	9.662	-11.426
4.0	75	-10.775	10.344	-13.278
4.0	76	-10.747	10.777	-13.424
4.0	77	-10.745	10.431	-10.924
4.0	78	-10.283	10.350	-15.282
4.0	79	-10.070	10.099	-6.182
4.0	80	-9.810	10.729	-14.085
4.0	81	-9.616	8.380	-10.029
4.0	82	-9.415	9.051	-11.424
4.0	83	-9.387	9.876	-12.040
4.0	84	-8.903	9.057	-14.861
4.0	85	-8.603	8.751	-14.609
4.0	86	-8.295	9.976	-8.934
4.0	87	-8.171	9.092	-13.062
4.0	88	-7.860	8.777	-13.798
4.0	89	-7.712	8.376	-15.562
4.0	90	-7.315	9.494	-14.543
4.0	91	-7.242	10.650	-17.222
4.0	92	-7.242	8.668	-16.806
4.0	93	-7.136	9.359	-19.310
4.0	94	-6.635	9.527	-17.962
4.0	95	-6.340	9.838	-17.916
4.0	96	-6.143	7.674	-15.000
4.0	97	-5.470	11.190	-17.957
4.0	98	-4.956	7.626	-19.005
4.0	99	-4.731	9.257	-25.776
4.0	100	-4.380	8.227	-25.890
4.0	101	-4.019	8.029	-22.661
4.0	102	-3.512	8.570	-22.440
4.0	103	-3.493	7.428	-25.733
4.0	104	-2.796	9.181	-25.498
4.0	105	-2.259	7.099	-26.645
4.0	106	-1.434	7.998	-33.060
4.0	107	0.258	7.567	-29.604
4.0	108	0.910	7.656	-33.547
4.0	109	1.070	7.502	-35.833
5.0	1	-29.307	14.343	23.249
5.0	2	-29.197	16.980	29.702
5.0	3	-28.520	16.018	31.075
5.0	4	-26.081	12.696	22.597
5.0	5	-25.610	15.657	19.219
5.0	6	-24.757	12.066	10.428
5.0	7	-24.258	13.466	13.875
5.0	8	-23.369	12.274	15.186
5.0	9	-23.194	9.934	21.632
5.0	10	-22.953	12.912	13.783
5.0	11	-22.496	13.801	7.262
5.0	12	-22.291	11.435	14.094
5.0	13	-21.979	11.067	12.992
5.0	14	-21.533	11.124	13.906
5.0	15	-21.206	11.844	14.167
5.0	16	-20.615	12.603	7.048
5.0	17	-20.503	11.431	9.445
5.0	18	-20.011	13.428	7.738
5.0	19	-19.424	11.033	5.046
5.0	20	-19.177	11.137	7.048
5.0	21	-19.076	10.803	2.684
5.0	22	-18.813	9.835	2.585
5.0	23	-18.380	12.726	-0.135
5.0	24	-18.328	11.649	1.761
5.0	25	-17.888	12.366	0.970
5.0	26	-17.697	11.456	1.870
5.0	27	-17.615	12.643	-0.664
5.0	28	-17.345	8.827	-1.174
5.0	29	-16.460	10.808	0.560
5.0	30	-16.236	9.097	-1.545
5.0	31	-16.094	9.021	-2.988
5.0	32	-15.496	10.625	-0.915
5.0	33	-15.273	11.395	-3.518
5.0	34	-14.981	9.767	-2.420
5.0	35	-14.953	10.893	-1.100
5.0	36	-14.897	10.010	-5.767
5.0	37	-14.667	10.208	-7.836
5.0	38	-14.054	7.755	-0.734
5.0	39	-13.543	10.027	-9.168
5.0	40	-13.220	10.857	-5.245
5.0	41	-13.161	9.386	-9.758
5.0	42	-12.708	8.483	-1.878
5.0	43	-12.614	10.176	-10.055
5.0	44	-12.424	10.808	-13.227
5.0	45	-12.063	8.707	-11.073
5.0	46	-11.655	8.961	-10.510
5.0	47	-11.316	8.944	-9.626
5.0	48	-11.274	9.409	-13.527
5.0	49	-11.018	10.298	-13.462
5.0	50	-10.225	8.467	-12.838
5.0	51	-9.439	9.671	-14.076
5.0	52	-9.393	7.477	-13.008
5.0	53	-9.119	9.250	-12.040
5.0	54	-8.586	8.128	-14.831
5.0	55	-8.488	8.032	-15.734
5.0	56	-8.205	8.370	-20.400
5.0	57	-7.907	8.123	-15.968
5.0	58	-7.136	8.584	-18.138
5.0	59	-6.234	8.807	-17.716
5.0	60	-5.432	7.584	-19.645
5.0	61	-5.179	7.987	-26.197
5.0	62	-4.273	8.191	-27.011
5.0	63	-2.860	7.542	-28.134
5.0	64	-2.394	7.116	-25.759
6.0	1	-32.544	20.880	17.162
6.0	2	-28.274	15.550	24.475
6.0	3	-26.287	11.603	16.001
6.0	4	-26.244	13.858	10.356
6.0	5	-25.886	8.121	14.079
6.0	6	-25.063	11.008	18.888
6.0	7	-24.399	10.769	5.169
6.0	8	-23.082	9.746	14.256
6.0	9	-22.512	14.716	6.587
6.0	10	-21.710	12.528	0.361
6.0	11	-21.413	11.023	4.307
6.0	12	-20.998	11.276	4.271
6.0	13	-19.778	9.874	2.281
6.0	14	-19.749	9.670	1.703
6.0	15	-19.164	9.693	-1.051
6.0	16	-18.704	10.631	-3.691
6.0	17	-17.667	8.475	-2.848
6.0	18	-17.049	10.836	-4.929
6.0	19	-17.030	11.208	-3.714
6.0	20	-16.153	8.624	-6.942
6.0	21	-16.021	9.655	-2.152
6.0	22	-15.947	10.636	-2.696
6.0	23	-15.747	8.963	-3.729
6.0	24	-14.669	8.432	-6.226
6.0	25	-13.364	8.307	-11.415
6.0	26	-13.202	8.702	-9.970
6.0	27	-12.969	9.800	-11.498
6.0	28	-12.379	8.520	-12.359
6.0	29	-11.713	8.674	-13.547
6.0	30	-11.112	7.918	-13.841
6.0	31	-10.758	8.481	-14.572
6.0	32	-10.348	8.826	-15.048
6.0	33	-9.142	10.124	-18.462
6.0	34	-7.041	8.419	-22.870
6.0	35	-6.542	8.083	-25.211
6.0	36	-5.401	8.791	-28.923
7.0	1	-26.861	12.053	12.928
7.0	2	-26.460	11.008	9.515
7.0	3	-23.324	9.769	6.860
7.0	4	-21.907	10.845	0.775
7.0	5	-21.486	8.222	4.140
7.0	6	-20.166	10.719	4.124
7.0	7	-18.637	9.327	-5.768
7.0	8	-18.514	9.094	-2.975
7.0	9	-17.522	9.516	-3.203
7.0	10	-14.708	9.389	-12.277
7.0	11	-13.532	10.137	-16.035
7.0	12	-12.907	8.541	-13.605
8.0	1	-29.453	11.882	8.772
8.0	2	-25.042	10.503	2.757
8.0	3	-21.548	10.544	-3.417
8.0	4	-17.752	10.590	-7.984
