!pure isoscalar pairing in sd shell, by G. J. Fu 
! 1=d3/2 2=d5/2 3=s1/2
! the first line has the three single-particle energies
! the - sign tells oxbash that the tbme have a mass dependence of the form
! [18/(16+n)]^0.3 where n is the number of valence particles
63	 0.0	0.0	0.0
  2  2  2  2    1  0  -0.700000000000000
  2  2  2  1    1  0   0.000000000000000
  2  2  1  1    1  0   0.374165738677394
  2  2  1  3    1  0   0.000000000000000
  2  2  3  3    1  0  -0.591607978309961
  2  1  2  1    1  0   0.000000000000000
  2  1  1  1    1  0   0.000000000000000
  2  1  1  3    1  0   0.000000000000000
  2  1  3  3    1  0   0.000000000000000
  1  1  1  1    1  0  -0.200000000000000
  1  1  1  3    1  0   0.000000000000000
  1  1  3  3    1  0   0.316227766016838
  1  3  1  3    1  0   0.000000000000000
  1  3  3  3    1  0   0.000000000000000
  3  3  3  3    1  0  -0.500000000000000
  2  1  2  1    2  0   0.000000000000000
  2  1  2  3    2  0   0.000000000000000
  2  1  1  3    2  0   0.000000000000000
  2  3  2  3    2  0   0.000000000000000
  2  3  1  3    2  0   0.000000000000000
  1  3  1  3    2  0   0.000000000000000
  2  2  2  2    3  0   0.000000000000000
  2  2  2  1    3  0   0.000000000000000
  2  2  2  3    3  0   0.000000000000000
  2  2  1  1    3  0   0.000000000000000
  2  1  2  1    3  0   0.000000000000000
  2  1  2  3    3  0   0.000000000000000
  2  1  1  1    3  0   0.000000000000000
  2  3  2  3    3  0   0.000000000000000
  2  3  1  1    3  0   0.000000000000000
  1  1  1  1    3  0   0.000000000000000
  2  1  2  1    4  0   0.000000000000000
  2  2  2  2    5  0   0.000000000000000
  2  2  2  2    0  1   0.000000000000000
  2  2  1  1    0  1   0.000000000000000
  2  2  3  3    0  1   0.000000000000000
  1  1  1  1    0  1   0.000000000000000
  1  1  3  3    0  1   0.000000000000000
  3  3  3  3    0  1   0.000000000000000
  2  1  2  1    1  1   0.000000000000000
  2  1  1  3    1  1   0.000000000000000
  1  3  1  3    1  1   0.000000000000000
  2  2  2  2    2  1   0.000000000000000
  2  2  2  1    2  1   0.000000000000000
  2  2  2  3    2  1   0.000000000000000
  2  2  1  1    2  1   0.000000000000000
  2  2  1  3    2  1   0.000000000000000
  2  1  2  1    2  1   0.000000000000000
  2  1  2  3    2  1   0.000000000000000
  2  1  1  1    2  1   0.000000000000000
  2  1  1  3    2  1   0.000000000000000
  2  3  2  3    2  1   0.000000000000000
  2  3  1  1    2  1   0.000000000000000
  2  3  1  3    2  1   0.000000000000000
  1  1  1  1    2  1   0.000000000000000
  1  1  1  3    2  1   0.000000000000000
  1  3  1  3    2  1   0.000000000000000
  2  1  2  1    3  1   0.000000000000000
  2  1  2  3    3  1   0.000000000000000
  2  3  2  3    3  1   0.000000000000000
  2  2  2  2    4  1   0.000000000000000
  2  2  2  1    4  1   0.000000000000000
  2  1  2  1    4  1   0.000000000000000
